//sub UT
//subtab[0x0000..0x03c3]
@0000
0000
03c4
0344
02fa
02c5
029c
027b
025f
0247
0232
021f
020e
01fe
01f0
01e3
01d7
01cb
01c0
01b6
01ad
01a4
019b
0193
018c
0184
017d
0176
0170
016a
0164
015e
0158
0153
014e
0149
0144
013f
013b
0136
0132
012e
012a
0126
0122
011e
011a
0117
0113
0110
010c
0109
0106
0103
0100
00fd
00fa
00f7
00f4
00f2
00ef
00ec
00ea
00e7
00e5
00e2
00e0
00de
00db
00d9
00d7
00d5
00d2
00d0
00ce
00cc
00ca
00c8
00c6
00c4
00c2
00c1
00bf
00bd
00bb
00b9
00b8
00b6
00b4
00b3
00b1
00af
00ae
00ac
00ab
00a9
00a8
00a6
00a5
00a3
00a2
00a1
009f
009e
009c
009b
009a
0098
0097
0096
0095
0093
0092
0091
0090
008f
008d
008c
008b
008a
0089
0088
0087
0086
0085
0084
0083
0082
0081
0080
0080
007f
007e
007d
007c
007b
007a
0079
0078
0077
0076
0075
0074
0073
0073
0072
0071
0070
006f
006e
006e
006d
006c
006b
006a
006a
0069
0068
0067
0067
0066
0065
0065
0064
0063
0062
0062
0061
0060
0060
005f
005e
005e
005d
005c
005c
005b
005a
005a
0059
0059
0058
0057
0057
0056
0056
0055
0054
0054
0053
0053
0052
0052
0051
0051
0050
004f
004f
004e
004e
004d
004d
004c
004c
004b
004b
004a
004a
0049
0049
0048
0048
0047
0047
0047
0046
0046
0045
0045
0044
0044
0043
0043
0043
0042
0042
0041
0041
0040
0040
0040
003f
003f
003e
003e
003e
003d
003d
003c
003c
003c
003b
003b
003b
003a
003a
0039
0039
0039
0038
0038
0038
0037
0037
0037
0036
0036
0036
0035
0035
0035
0034
0034
0034
0033
0033
0033
0032
0032
0032
0031
0031
0031
0031
0030
0030
0030
002f
002f
002f
002f
002e
002e
002e
002d
002d
002d
002d
002c
002c
002c
002c
002b
002b
002b
002b
002a
002a
002a
002a
0029
0029
0029
0029
0028
0028
0028
0028
0027
0027
0027
0027
0026
0026
0026
0026
0026
0025
0025
0025
0025
0024
0024
0024
0024
0024
0023
0023
0023
0023
0023
0022
0022
0022
0022
0022
0021
0021
0021
0021
0021
0020
0020
0020
0020
0020
001f
001f
001f
001f
001f
001f
001e
001e
001e
001e
001e
001e
001d
001d
001d
001d
001d
001d
001c
001c
001c
001c
001c
001c
001b
001b
001b
001b
001b
001b
001a
001a
001a
001a
001a
001a
001a
0019
0019
0019
0019
0019
0019
0019
0018
0018
0018
0018
0018
0018
0018
0018
0017
0017
0017
0017
0017
0017
0017
0016
0016
0016
0016
0016
0016
0016
0016
0015
0015
0015
0015
0015
0015
0015
0015
0015
0014
0014
0014
0014
0014
0014
0014
0014
0014
0013
0013
0013
0013
0013
0013
0013
0013
0013
0012
0012
0012
0012
0012
0012
0012
0012
0012
0012
0011
0011
0011
0011
0011
0011
0011
0011
0011
0011
0011
0010
0010
0010
0010
0010
0010
0010
0010
0010
0010
0010
0010
000f
000f
000f
000f
000f
000f
000f
000f
000f
000f
000f
000f
000e
000e
000e
000e
000e
000e
000e
000e
000e
000e
000e
000e
000e
000d
000d
000d
000d
000d
000d
000d
000d
000d
000d
000d
000d
000d
000d
000c
000c
000c
000c
000c
000c
000c
000c
000c
000c
000c
000c
000c
000c
000c
000c
000b
000b
000b
000b
000b
000b
000b
000b
000b
000b
000b
000b
000b
000b
000b
000b
000b
000a
000a
000a
000a
000a
000a
000a
000a
000a
000a
000a
000a
000a
000a
000a
000a
000a
000a
000a
0009
0009
0009
0009
0009
0009
0009
0009
0009
0009
0009
0009
0009
0009
0009
0009
0009
0009
0009
0009
0009
0008
0008
0008
0008
0008
0008
0008
0008
0008
0008
0008
0008
0008
0008
0008
0008
0008
0008
0008
0008
0008
0008
0008
0008
0007
0007
0007
0007
0007
0007
0007
0007
0007
0007
0007
0007
0007
0007
0007
0007
0007
0007
0007
0007
0007
0007
0007
0007
0007
0007
0007
0007
0006
0006
0006
0006
0006
0006
0006
0006
0006
0006
0006
0006
0006
0006
0006
0006
0006
0006
0006
0006
0006
0006
0006
0006
0006
0006
0006
0006
0006
0006
0006
0006
0006
0005
0005
0005
0005
0005
0005
0005
0005
0005
0005
0005
0005
0005
0005
0005
0005
0005
0005
0005
0005
0005
0005
0005
0005
0005
0005
0005
0005
0005
0005
0005
0005
0005
0005
0005
0005
0005
0005
0005
0005
0005
0004
0004
0004
0004
0004
0004
0004
0004
0004
0004
0004
0004
0004
0004
0004
0004
0004
0004
0004
0004
0004
0004
0004
0004
0004
0004
0004
0004
0004
0004
0004
0004
0004
0004
0004
0004
0004
0004
0004
0004
0004
0004
0004
0004
0004
0004
0004
0004
0004
0004
0004
0004
0004
0003
0003
0003
0003
0003
0003
0003
0003
0003
0003
0003
0003
0003
0003
0003
0003
0003
0003
0003
0003
0003
0003
0003
0003
0003
0003
0003
0003
0003
0003
0003
0003
0003
0003
0003
0003
0003
0003
0003
0003
0003
0003
0003
0003
0003
0003
0003
0003
0003
0003
0003
0003
0003
0003
0003
0003
0003
0003
0003
0003
0003
0003
0003
0003
0003
0003
0003
0003
0003
0003
0003
0003
0003
0003
0002
0002
0002
0002
0002
0002
0002
0002
0002
0002
0002
0002
0002
0002
0002
0002
0002
0002
0002
0002
0002
0002
0002
0002
0002
0002
0002
0002
0002
0002
0002
0002
0002
0002
0002
0002
0002
0002
0002
0002
0002
0002
0002
0002
0002
0002
0002
0002
0002
0002
0002
0002
0002
0002
0002
0002
0002
0002
0002
0002
0002
0002
0002
0002
0002
0002
0002
0002
0002
0002
0002
0002
0002
0002
0002
0002
0002
0002
0002
0002
0002
0002
0002
0002
0002
0002
0002
0002
0002
0002
0002
0002
0002
0002
0002
0002
0002
0002
0002
0002
0002
0002
0002
0002
0002
0002
0002
0002
0002
0002
0002
0002
0002
0002
0002
0002
0002
0002
0002
0002
0002
0002
0002
0002
0002
0002
0002
